Time (TU),X (LU),Y (LU),Z (LU),VX (LU/TU),VY (LU/TU),VZ (LU/TU)
0,0.8082345151982595,2.230630555067976e-23,4.300655269891714e-25,-8.433177870650808e-13,0.5164471457797999,-1.393414024105238e-25
0.003266896130556027,0.8082385173732948,0.0016871618047773062,4.296013981842361e-25,0.0024501188070505447,0.5164311881965197,-1.4479810828906583e-25
0.00871281433032303,0.8082629807966025,0.004499378468005569,4.287881019261063e-25,0.006533805850280021,0.5163336563424734,-1.5387964817850567e-25
0.014163007583511333,0.8083097246279632,0.007313029230002934,4.27924708406518e-25,0.01061888989261698,0.5161473408094988,-1.6294693620622959e-25
0.019618977786534222,0.8083788104057434,0.01012840316726325,4.270109685709234e-25,0.014705362708087642,0.5158720805089643,-1.7199911843118154e-25
0.02508219129830283,0.808470317378765,0.012945767486699759,4.2604660394106185e-25,0.018793185694362467,0.51550768421066,-1.8103526599050972e-25
0.03055407382469911,0.8085843416525543,0.015765363985903096,4.250313094468308e-25,0.022882285694064378,0.5150539342292433,-1.9005436571195072e-25
0.0360360119035511,0.8087209953840951,0.018587408971570553,4.239647552358554e-25,0.02697255589942012,0.514510589943663,-1.9905532212826666e-25
0.041529339724021314,0.8088804055534529,0.021412085688319073,4.22846591466677e-25,0.031063845972409736,0.5138773930112412,-2.08036935934043e-25
0.047035341939742716,0.8090627129701907,0.02423954506238468,4.216764503516204e-25,0.03515596430465862,0.5131540716417345,-2.1699790944430773e-25
0.05255522861782697,0.8092680702514199,0.02706989222411628,4.2045395435001545e-25,0.03924865978550723,0.5123403489252394,-2.259368074366718e-25
0.05809014539819252,0.8094966407072566,0.02990319123918045,4.191787174365258e-25,0.04334163004174656,0.511435947503371,-2.3485207639209206e-25
0.063641150954893,0.8097485959216945,0.032739453188184255,4.178503537898183e-25,0.04743450569833729,0.5104405993305937,-2.437420116457501e-25
0.06920921379478165,0.810024113774119,0.035578634328974054,4.164684827873643e-25,0.051526849351572104,0.5093540535696788,-2.5260475717373003e-25
0.0747952080714183,0.8103233763262521,0.03842063389874789,4.150327344059534e-25,0.05561815412124063,0.5081760848775368,-2.614383047861934e-25
0.08039990668618628,0.8106465674445771,0.041265290695595994,4.135427555476959e-25,0.059707840542650124,0.506906502560464,-2.702404901009507e-25
0.0860239673762523,0.8109938698080398,0.04411237629993162,4.1199821864844935e-25,0.06379524873785714,0.5055451619302247,-2.790089788441648e-25
0.09166793159234789,0.811365462447005,0.04696159500342606,4.10398827286776e-25,0.06787964033008645,0.5040919733196407,-2.8774127461869755e-25
0.09733222792874398,0.8117615185893331,0.049812586194421436,4.0874432043748244e-25,0.07196020391068046,0.5025469096376745,-2.9643473450421155e-25
0.10301715124407347,0.8121822017518736,0.052664914692853455,4.070344838883497e-25,0.07603604328486649,0.5009100204760198,-3.050865482800274e-25
0.10872288083190451,0.8126276644628843,0.05551808094938526,4.0526915040216406e-25,0.0801061941656229,0.49918143562392453,-3.1369377862133943e-25
0.11444946000710146,0.813098044197774,0.0583715120383759,4.0344821127082196e-25,0.08416961336872773,0.4973613791001922,-3.222533430559686e-25
0.12019681212607329,0.8135934620523901,0.061224571092292915,4.0157161675299454e-25,0.08822519428461748,0.4954501721917717,-3.307620518464276e-25
0.1259647429247853,0.8141140205689885,0.06407655997426319,3.9963938020512143e-25,0.0922717725461383,0.4934482394719241,-3.392166250060988e-25
0.13175293698458435,0.8146598010815529,0.06692671919345065,3.9765158400105613e-25,0.09630812765040134,0.4913561163227649,-3.476137009463819e-25
0.13756097350632612,0.8152308629448249,0.06977423746294911,3.9560837861162746e-25,0.10033299807198995,0.4891744488987221,-3.5594987322701397e-25
0.14338833477465132,0.8158272424166496,0.07261825763559479,3.935099834053979e-25,0.10434509096497434,0.4869039951820026,-3.6422171561104912e-25
0.1492344133067311,0.8164489516378571,0.07545788200919586,3.9135668736954137e-25,0.10834309070714332,0.48454562542955754,-3.72425804416817e-25
0.15509852392582685,0.8170959783744615,0.0782921800120147,3.89148847455088e-25,0.11232567050726618,0.4821003195274521,-3.805587467851747e-25
0.160979926405267,0.8177682873156703,0.0811202008709006,3.868868820790626e-25,0.11629151066110614,0.4795691583648526,-3.886172218517505e-25
0.166877825410225,0.8184658192168658,0.08394097517250597,3.8457127240317345e-25,0.12023930085467004,0.47695332330081835,-3.9659798868918817e-25
0.1727913980146928,0.8191884934985064,0.08675352954625305,3.8220255234247918e-25,0.12416776053742992,0.4742540826118434,-4.044979303461157e-25
0.17871979874527646,0.8199362086457779,0.08955689033179166,3.797813064306073e-25,0.1280756435001982,0.4714727863042511,-4.1231406501828234e-25
0.18466218309500784,0.8207088451883435,0.0923500958168721,3.7730815960988185e-25,0.13196175410305283,0.4686108514197595,-4.200435799090383e-25
0.19061770813737586,0.8215062661372752,0.09513219738960983,3.74783775664597e-25,0.1358249477376925,0.4656697569980864,-4.276838327465762e-25
0.1965855537736273,0.8223283203307468,0.0979022701889899,3.722088466098303e-25,0.13966414425299792,0.46265102846483636,-4.352323784693241e-25
0.20256493908829915,0.823174845574745,0.1006594210745814,3.6958408326603293e-25,0.14347833735910567,0.4595562231528581,-4.426869868942294e-25
0.2085551221727659,0.8240456697213127,0.10340278867771936,3.6691021255883004e-25,0.14726659286271399,0.4563869237035467,-4.500456377959424e-25
0.21455541202554343,0.8249406135580039,0.1061315488490727,3.6418796934209507e-25,0.1510280542372925,0.4531447251253034,-4.573065299106923e-25
0.22056517723585023,0.8258594934546372,0.1088449183452938,3.6141808924946905e-25,0.1547619456221807,0.449831223121149,-4.644680842898194e-25
0.2265838487579486,0.8268021232476228,0.11154215561373315,3.5860130403494075e-25,0.15846757074355114,0.44644800552907205,-4.71528939342503e-25
0.23261092636469502,0.8277683167566617,0.11422256305634136,3.5573833512761472e-25,0.16214431383469055,0.44299664182053966,-4.784879493854475e-25
0.23864598138175033,0.8287578897970084,0.11688548743054725,3.5282988882698907e-25,0.16579163798400265,0.43947867476695973,-4.853441779601417e-25
0.24468865504040224,0.8297706614747897,0.11953031818701877,3.4987665365956376e-25,0.16940908068764474,0.4358956149640781,-4.920968857409984e-25
0.2507386602213972,0.830806455996347,0.12215648721651551,3.468792962345944e-25,0.17299625139239566,0.43224893380200513,-4.987455221457525e-25
0.25679577813799653,0.8318651035833348,0.12476346630254864,3.438384597140837e-25,0.17655282597715347,0.4285400598595763,-5.052897112224987e-25
0.2628598585930361,0.8329464419212735,0.12735076608334517,3.407547607127991e-25,0.1800785433926241,0.4247703736439747,-5.117292416207568e-25
0.26893081895910226,0.8340503173397277,0.129917934393883,3.3762878697727484e-25,0.18357320155511128,0.4209412035071951,-5.180640552214205e-25
0.27500863590735736,0.8351765845749064,0.13246455153481915,3.34461099033318e-25,0.18703664917427287,0.41705382665542046,-5.242942285700106e-25
0.28109334617888987,0.8363251080442243,0.1349902294048087,3.3125222746833766e-25,0.19046878296582326,0.4131094650356282,-5.304199643386602e-25
0.28718503721039795,0.8374957611333416,0.1374946064063174,3.2800267574221434e-25,0.19386953923744535,0.4091092882013928,-5.364415728952289e-25
0.2932838514346811,0.8386884279542136,0.13997734806375184,3.2471291602862587e-25,0.19723889335917116,0.405054407789683,-5.423594681962117e-25
0.2993899732602122,0.8399030016829668,0.14243814054655918,3.21383394499753e-25,0.20057684971557882,0.40094588377559387,-5.481741470482129e-25
0.3055036300041399,0.8411393854504203,0.1448766900087012,3.1801452943239346e-25,0.203883439672289,0.3967847220356513,-5.538861828786766e-25
0.3116250860698462,0.8423974918240281,0.14729271921984433,3.146067131444539e-25,0.20715871597301394,0.3925718767494286,-5.594962134691863e-25
0.3177546395900165,0.8436772426677004,0.14968596527127215,3.1116031281278624e-25,0.21040274869679432,0.38830825152818876,-5.65004931706189e-25
0.3238926145285017,0.8449785679424135,0.15205617559932447,3.076756740616699e-25,0.21361561902862886,0.3839947040614317,-5.704130729273924e-25
0.33003935941903195,0.8463014057724262,0.1544031067134283,3.041531210464669e-25,0.21679741678140205,0.37963204650427124,-5.757214089701404e-25
0.33619524600912915,0.8476457024483935,0.1567265229071079,3.005929566829374e-25,0.21994823797246923,0.3752210460992961,-5.809307424605316e-25
0.34236066625894435,0.8490114120206685,0.15902619438224722,2.969954639300292e-25,0.2230681816771567,0.3707624271501006,-5.860419000792068e-25
0.34853602526977384,0.8503984948999421,0.16130189395228015,2.933609096130943e-25,0.22615734501774362,0.3662568761837438,-5.910557230461496e-25
0.35472173941102925,0.8518069175048781,0.16355339581008665,2.896895453962018e-25,0.22921582100675622,0.3617050436108055,-5.959730625843914e-25
0.36091823689468094,0.8532366524328493,0.16578047521815076,2.8598160736536385e-25,0.23224369769473238,0.35710754368221226,-6.007947776109282e-25
0.3671259486309956,0.8546876763445738,0.1679829047553282,2.822373215037962e-25,0.23524105268137158,0.3524649617652877,-6.05521725196786e-25
0.373345314098304,0.8561599712521795,0.17016045604024202,2.7845690028378493e-25,0.23820795510886,0.34777785061353306,-6.101547631334003e-25
0.37957677405018647,0.8576535227306958,0.1723128967767954,2.746405471992328e-25,0.24114446132882805,0.3430467364853893,-6.146947425589217e-25
0.3858207689364621,0.8591683193883913,0.1744399899416948,2.7078845797227644e-25,0.24405061350596746,0.3382721211380477,-6.191425054394731e-25
0.3920777411497049,0.8607043532494772,0.17654149429829163,2.6690081942233717e-25,0.24692644006134779,0.333454480920302,-6.23498884936908e-25
0.39834812498389816,0.8622616171017995,0.1786171608131657,2.6297781599530167e-25,0.24977195053188475,0.3285942753520665,-6.277646973929568e-25
0.40463235775920287,0.8638401070160521,0.1806667362238186,2.5901962317494117e-25,0.2525871402337179,0.32369193943994823,-6.319407492510432e-25
0.41093086633716713,0.8654398187657507,0.18268995844278152,2.550264162664326e-25,0.2553719837582338,0.31874789502961237,-6.3602782722515295e-25
0.4172440721063776,0.8670607487865001,0.18468655816397642,2.5099836768899655e-25,0.25812643697378035,0.3137625479086645,-6.400267013557853e-25
0.4235723921434463,0.8687028942197037,0.186656259149696,2.4693564660345577e-25,0.2608504372449251,0.3087362877951797,-6.439381253221351e-25
0.42991623289238223,0.8703662510016794,0.1885987762188763,2.4283842335502997e-25,0.2635439004816484,0.3036694942719188,-6.477628322484718e-25
0.4362759895597657,0.8720508133712391,0.19051381514324187,2.387068703310233e-25,0.2662067208116797,0.29856253826631074,-6.515015344468045e-25
0.44265205119493184,0.8737565748968575,0.19240107424151576,2.3454115909597357e-25,0.26883877262761535,0.29341577891915005,-6.551549264616326e-25
0.4490447916168587,0.8754835257424605,0.19426024174762418,2.3034146672919506e-25,0.2714399067588988,0.2882295718152614,-6.587236798976818e-25
0.4554545732905752,0.8772316533403751,0.19609099713642733,2.2610797377130165e-25,0.274009952140694,0.28300426682754043,-6.622084460189192e-25
0.4618817504490581,0.8790009429177106,0.19789301213090743,2.218408625770312e-25,0.2765487170695637,0.2777402064605135,-6.656098576305864e-25
0.4683266614978206,0.88079137508026,0.1996659487012282,2.17540322763237e-25,0.2790559862290115,0.27243773293798934,-6.689285252685021e-25
0.4747896298603098,0.8826029256597941,0.2014094595707368,2.1320655112294996e-25,0.28153152121392566,0.2670971884436008,-6.721650382175068e-25
0.48127096686839244,0.8844355661580365,0.203123189243149,2.0883975012531744e-25,0.28397506180854837,0.2617189136127811,-6.753199664410387e-25
0.48777096849843754,0.8862892624731514,0.2048067733709683,2.044401305215672e-25,0.286386324913412,0.25630325107689816,-6.783938594031921e-25
0.4942899136489892,0.888163974026741,0.20645983862816092,2.0000791294710432e-25,0.28876500416619133,0.25085054775574195,-6.813872458590831e-25
0.500828064294811,0.890059653416473,0.20808200311236835,1.9554332825389172e-25,0.2911107703110609,0.24536115557686122,-6.843006346027972e-25
0.5073856676368212,0.8919762466611295,0.2096728772338871,1.910466164511149e-25,0.2934232722783787,0.23983543047872327,-6.8713451604115e-25
0.5139629526126841,0.89391369181223,0.2112320632246723,1.8651802948361817e-25,0.29570213626621344,0.23427373612590552,-6.898893612595006e-25
0.5205601288741667,0.8958719182574638,0.2127591553402085,1.8195783234353976e-25,0.29794696580065216,0.22867644556345898,-6.925656223369776e-25
0.5271773899196341,0.8978508472635794,0.2142537410360003,1.7736630129107273e-25,0.30015734322798665,0.22304393931811958,-6.951637343278574e-25
0.5338149046002105,0.8998503890517475,0.21571539952387325,1.7274373012011894e-25,0.30233282733372807,0.21737661336478095,-6.976841126402113e-25
0.5404728240867572,0.9018704444764847,0.2171437039033144,1.680904257085686e-25,0.30447295622256915,0.2116748739386533,-7.00127156621674e-25
0.5471512802253268,0.9039109041624864,0.21853822129555964,1.6340670949428873e-25,0.30657724726844715,0.20593913961939425,-7.024932495890142e-25
0.5538503791886673,0.9059716461758627,0.21989851210518027,1.586929222723759e-25,0.308645195709452,0.20016984747192873,-7.04782757381955e-25
0.5605702057506252,0.9080525369261702,0.22122413158021795,1.539494215481311e-25,0.3106762766848753,0.19436745006353404,-7.069960307963634e-25
0.5673108207975448,0.9101534300167923,0.22251462996329582,1.4917658360587246e-25,0.3126699451511353,0.18853241825578582,-7.0913340556491185e-25
0.5740722614430877,0.9122741658950914,0.22376955321916078,1.4437480373693735e-25,0.3146256366614544,0.1826652417400206,-7.111952032683453e-25
0.5808545389809403,0.914414570831236,0.2249884433901486,1.3954449798568294e-25,0.31654276756039484,0.17676643142618254,-7.131817315855522e-25
0.5876576339606929,0.916574454970118,0.22617083854681208,1.3468610695396292e-25,0.3184207344991078,0.17083652433790975,-7.150932838658664e-25
0.5944815040069275,0.9187536144240434,0.2273162750300816,1.2980009049964606e-25,0.3202589175638542,0.164876077389192,-7.169301423686283e-25
0.6013260744876741,0.9209518279438274,0.22842428670359047,1.248869346490261e-25,0.32205667867075133,0.15888567607172122,-7.186925765974045e-25
0.6081912456294891,0.9231688588306257,0.2294944070693923,1.19947146735477e-25,0.3238133645175291,0.15286592877393668,-7.203808462002607e-25
0.6150768838870109,0.9254044518152353,0.2305261688296055,1.149812618068172e-25,0.3255283054067212,0.14681747484280533,-7.219951997373754e-25
0.62198282016517,0.927658332109138,0.23151910473941048,1.0998984413191147e-25,0.32720081608845836,0.14074098665974033,-7.235358754933846e-25
0.6289088550396256,0.9299302067617922,0.232472749482681,1.0497348361750957e-25,0.32883019833287874,0.1346371655225464,-7.250031038092156e-25
0.6358547575465345,0.9322197639672521,0.23338664054450212,9.993279681929671e-26,0.33041574187279454,0.12850674312930788,-7.263971077669189e-25
0.642820255721185,0.9345266696424975,0.23426031813131604,9.486843393970511e-26,0.331956723632709,0.12235049033704473,-7.277181024002067e-25
0.6498050454517795,0.9368505700516641,0.23509332758182167,8.978107251704118e-26,0.3334524112512987,0.11616920973218135,-7.28966297662242e-25
0.6568087837825929,0.9391910893303336,0.23588521975306226,8.467142236784958e-26,0.3349020631002421,0.10996374188884704,-7.301418982466893e-25
0.6638310864768668,0.9415478284119313,0.23663555210931025,7.954022743012786e-26,0.33630492946269236,0.10373496785141484,-7.312451044540404e-25
0.670871531985528,0.9439203661288825,0.23734389053881347,7.438826289519414e-26,0.33766025506726643,0.09748380589784544,-7.322761140787752e-25
0.6779296556451982,0.9463082570673792,0.23800981014158912,6.921633944298187e-26,0.3389672797147292,0.09121121692728452,-7.332351227306133e-25
0.6850049551775322,0.9487110332560139,0.23863289720506628,6.402529917824615e-26,0.34022524116780845,0.08491819977641218,-7.341223258465047e-25
0.6920968805653979,0.9511282005980463,0.2392127497529179,5.88160229824938e-26,0.34143337523399525,0.07860580037929746,-7.349379186097268e-25
0.6992048464781812,0.953559242993522,0.23974898011470486,5.358942128887333e-26,0.3425909199304236,0.07227510082947382,-7.356820987126904e-25
0.7063282180276613,0.956003617421507,0.24024121527180187,4.834644440121686e-26,0.3436971150886655,0.06592723212729731,-7.363550659422109e-25
0.7134663181048315,0.9584607564076908,0.24068909903559135,4.3088076929976585e-26,0.34475120575202906,0.059563367675639065,-7.369570243237764e-25
0.7206184287789202,0.9609300685306514,0.2410922936337703,3.7815336538584107e-26,0.3457524444716474,0.053184722003037845,-7.374881833842577e-25
0.7277837863876936,0.9634109367917738,0.24145048094894034,3.2529277304271184e-26,0.3467000927667308,0.04679255506542728,-7.379487589406028e-25
0.7349615870438663,0.9659027206222173,0.24176336436559426,2.7230985364305245e-26,0.34759342410798855,0.04038816720966232,-7.383389746835189e-25
0.7421509804658054,0.9684047538971547,0.24203067000650033,2.1921583135624126e-26,0.3484317253655684,0.0339729045004587,-7.386590629622792e-25
0.7493510811754038,0.9709163490300463,0.2422521486804127,1.660222067662774e-26,0.3492143004039371,0.02754814850090767,-7.38909266446874e-25
0.7565609605414435,0.9734367944629009,0.24242757698699544,1.127408115318862e-26,0.3499404713251875,0.02111532309392018,-7.390898387487966e-25
0.7637796518288515,0.9759653567259892,0.24255675891046957,5.93837666739579e-27,0.35060958127741154,0.014675889649267379,-7.392010456494921e-25
0.7710061546012409,0.9785012823377456,0.2426395272019199,5.963445264478239e-28,0.35122099699789205,0.008231342721747447,-7.392431660463094e-25
0.7782394327600299,0.9810437975257956,0.24267574456658753,-4.7507518149696144e-27,0.3517741107067472,0.0017832113816142131,-7.392164927178058e-25
0.7854784201793407,0.9835921106594459,0.242665304876052,-1.0101627454031809e-26,0.3522683426061221,-0.004666946271451638,-7.391213330885446e-25
0.7927257957396533,0.9861467442195684,0.242608092232107,-1.5457766189023878e-26,0.35270335376163836,-0.0111209043017782,-7.389579070545486e-25
0.7999937639486977,0.9887115834383242,0.24250375846614747,-2.0827687026505982e-26,0.3530791654599205,-0.017588900009588793,-7.387259600532618e-25
0.8072815584345063,0.9912859395352149,0.2423519559809662,-2.6210315875715815e-26,0.35339487690708127,-0.024069600029352854,-7.384253528636398e-25
0.8145883755295477,0.9938690996779977,0.24215236218914324,-3.160454665382514e-26,0.3536496034272667,-0.03056162767714302,-7.380559533514591e-25
0.821913366132653,0.9964603244047521,0.24190468126091,-3.7009235703858307e-26,0.3538424784821328,-0.037063555996300034,-7.376176378383914e-25
0.8292556372441876,0.9990588485115337,0.2416086457631002,-4.242320340133962e-26,0.3539726562843091,-0.04357390947172146,-7.371102922336476e-25
0.8366142558173528,1.0016638828172353,0.24126401811560155,-4.784523750396408e-26,0.3540393143919603,-0.05009116784515516,-7.365338129154459e-25
0.8439882457632388,1.0042746135608716,0.24087059227559643,-5.327409148942425e-26,0.3540416561762578,-0.05661376391266708,-7.358881080639902e-25
0.8513765869946655,1.0068902025751347,0.2404281953985415,-5.870848444241677e-26,0.3539789134641672,-0.06314008320212097,-7.351730989935035e-25
0.8587782269449992,1.0095097919321614,0.23993668865339657,-6.414711014853566e-26,0.3538503490046532,-0.06966847471713508,-7.343887202034425e-25
0.8661920649785725,1.012132499047713,0.2393959696355045,-6.958862628643433e-26,0.3536552591937376,-0.07619723779638615,-7.335349220931528e-25
0.8736169647897717,1.014757421748876,0.2388059730554339,-7.503166424174113e-26,0.3533929765613894,-0.08272463375469367,-7.326116709858408e-25
0.88105175261058,1.0173836383708454,0.23816667218693013,-8.047482851145858e-26,0.3530628723207259,-0.08924888503873205,-7.3161895049395665e-25
0.8884952258378973,1.0200102115846243,0.23747807936275353,-8.591670376657799e-26,0.3526643584414285,-0.09576818358141932,-7.3055676151964655e-25
0.8959461462068855,1.0226361868116107,0.2367402476870811,-9.135585062034426e-26,0.3521968903174781,-0.102280685636049,-7.29425124275025e-25
0.9034032498036004,1.0252605966268569,0.2359532711539989,-9.679081373656989e-26,0.351659968546191,-0.10878452141770956,-7.282240779713795e-25
0.9108652431488805,1.0278824602880403,0.235117285949967,-1.0222011977158272e-25,0.35105314136920335,-0.11527779258644784,-7.269536824795669e-25
0.9183308150117111,1.0305007888326505,0.2342324699610587,-1.0764228678657758e-25,0.3503760058487667,-0.12175858347600846,-7.256140174037648e-25
0.9257986319642951,1.033114584482514,0.23329904387151063,-1.1305582181554275e-25,0.34962821009481154,-0.1282249581699208,-7.242051837415665e-25
0.9332673458003617,1.0357228442396849,0.2323172708022414,-1.1845922706430627e-25,0.34880945439353656,-0.13467496792132672,-7.227273034874225e-25
0.9407355958812404,1.0383245617134202,0.23128745634183004,-1.2385100240546933e-25,0.3479194925454301,-0.14110665416082124,-7.21180520002495e-25
0.9482020190111218,1.0409187315725135,0.23020994734011363,-1.2922965328369591e-25,0.3469581320611876,-0.14751805797347403,-7.19564996695434e-25
0.9556652387434095,1.043504346844123,0.22908513345207485,-1.3459368376843622e-25,0.3459252367267251,-0.1539072118846022,-7.178809199969443e-25
0.9631238872304917,1.0460804075163577,0.22791344384003717,-1.3994161302777238e-25,0.3448207248009332,-0.16027215958334992,-7.161284952399604e-25
0.9705766001637717,1.0486459197607771,0.2266953474895168,-1.4527197235643902e-25,0.34364457030588047,-0.16661095247250712,-7.143079481255387e-25
0.9780220196176783,1.0511998978957993,0.22543135231927974,-1.505833078848043e-25,0.3423968032283528,-0.172921653015554,-7.124195245344939e-25
0.9854587986638251,1.053741366932196,0.22412200383458472,-1.5587418451031226e-25,0.34107750921065544,-0.17920233955145531,-7.104634898095266e-25
0.9928856121534667,1.056269367171837,0.22276788243259327,-1.6114319413845537e-25,0.33968682775991327,-0.18545111622541982,-7.084401261693652e-25
1.0003011481282327,1.0587829521500547,0.22136960399037886,-1.663889500966789e-25,0.3382249537055255,-0.1916661065196396,-7.063497351619915e-25
1.007704124673969,1.0612811952009162,0.21992781571579867,-1.716100995572551e-25,0.33669213374212165,-0.1978454681565984,-7.041926331644152e-25
1.0150932818804856,1.0637631875039653,0.21844319643011484,-1.7680531825039175e-25,0.3350886674632993,-0.20398738701139862,-7.019691536201669e-25
1.022467396303641,1.0662280436806661,0.21691645240300486,-1.819733210058286e-25,0.3334149036218814,-0.21009008977108756,-6.996796427250333e-25
1.0298252719642362,1.0686748994312845,0.21534831771562923,-1.8711285571065405e-25,0.331671241167414,-0.21615183698224977,-6.973244619815824e-25
1.0371657482664909,1.071102914808472,0.2137395511827908,-1.9222270912359619e-25,0.32985812652493574,-0.22217093012869346,-6.949039856826445e-25
1.044487709762304,1.0735112779731304,0.2120909325593995,-1.973017138268679e-25,0.32797604987954126,-0.2281457200140509,-6.924185973658573e-25
1.0517900722550355,1.0758992010795008,0.21040326393429126,-2.0234873867632074e-25,0.326025547275577,-0.2340745957203437,-6.898686941314982e-25
1.0590718026113943,1.0782659271971438,0.20867736353136088,-2.0736270259701374e-25,0.3240071940075077,-0.2399560010392505,-6.872546795578918e-25
1.0663319050696034,1.080610726160141,0.20691406704994145,-2.1234256509988206e-25,0.32192160657312935,-0.24578842352668986,-6.845769680158276e-25
1.0735694343436082,1.0829328991021407,0.20511422275355357,-2.1728733525092635e-25,0.3197694373192493,-0.2515704052264478,-6.818359795452026e-25
1.0807834842749147,1.0852317750062614,0.2032786924062425,-2.221960637863727e-25,0.31755137590430293,-0.2573005336388084,-6.790321436062084e-25
1.087973205876877,1.0875067166181882,0.20140834488481582,-2.2706785525565345e-25,0.31526814193628916,-0.2629774561028408,-6.761658916640244e-25
1.0951377903906439,1.0897571151090577,0.19950405859235867,-2.3190185626148984e-25,0.3129204881302354,-0.2685998662488473,-6.732376631778256e-25
1.1022764800868516,1.0919823935342354,0.1975667168598399,-2.366972625537475e-25,0.31050919495430984,-0.2741665124645217,-6.702479008564367e-25
1.1093885623558872,1.0941820049361852,0.19559720768165412,-2.414533147451732e-25,0.30803507049444734,-0.2796761930921749,-6.6719705251285315e-25
1.116473378213695,1.0963554348836586,0.1935964195626293,-2.4616930367052193e-25,0.3054989454209728,-0.28512776281404417,-6.640855668668802e-25
1.12353031145322,1.0985021979645053,0.19156524273798967,-2.5084456275794493e-25,0.30290167464036977,-0.2905201239817252,-6.609138976095817e-25
1.130558797636929,1.1006218403502606,0.1895045649051937,-2.5547847361824848e-25,0.3002441319816406,-0.2958522332427906,-6.576824988919836e-25
1.1375583102549691,1.1027139353726032,0.18741527357423043,-2.6007045648247467e-25,0.29752721330034665,-0.30112309069040866,-6.543918310855359e-25
1.1445283812968978,1.1047780894189538,0.1852982483453782,-2.646199832831542e-25,0.294751826524695,-0.30633175505206367,-6.510423506589739e-25
1.1514685758991166,1.1068139340304741,0.18315436688174014,-2.69126560546055e-25,0.2919188994264431,-0.3114773241992675,-6.476345215223094e-25
1.1583785131931095,1.1088211317344998,0.1809844970760045,-2.7358974252578164e-25,0.2890293693497951,-0.31655895034063125,-6.441688045105195e-25
1.1652578506585582,1.1107993710320172,0.17878950034926283,-2.7800912049804623e-25,0.2860841874869909,-0.3215758279104653,-6.406456643907036e-25
1.172106287272021,1.1127483669352076,0.17657022932254346,-2.8238432432207366e-25,0.2830843157520082,-0.32652719551167114,-6.370655678890299e-25
1.178923568650606,1.1146678619677002,0.1743275247659485,-2.867150251716122e-25,0.2800307225535905,-0.33141233911892587,-6.33428980393878e-25
1.1857094727550463,1.1165576216455675,0.17206221897082613,-2.9100092588058005e-25,0.27692438725207663,-0.3362305812904204,-6.297363729579235e-25
1.1924638183826333,1.1184174364255959,0.16977513179997844,-2.9524176584330014e-25,0.2737662946853582,-0.34098128685023216,-6.2598821739636305e-25
1.19918646286599,1.1202471205390536,0.16746707025827395,-2.994373189838581e-25,0.2705574343934973,-0.34566386070560606,-6.22184986945295e-25
1.2058772970050808,1.1220465100948398,0.16513882913340996,-3.035873900398565e-25,0.2672988013350606,-0.35027774381105703,-6.183271586191878e-25
1.2125362466364478,1.1238154630021475,0.16279118945555873,-3.0769181501700187e-25,0.26399139356503976,-0.35482241380722496,-6.144152119024184e-25
1.2191632664397891,1.1255538568097965,0.16042491973512166,-3.1175045684564814e-25,0.26063621378487667,-0.35929738033740544,-6.1044963196409935e-25
1.2257583509866141,1.127261591078557,0.15804077112655293,-3.1576321161954767e-25,0.2572342622678386,-0.36370219204678883,-6.064309026154485e-25
1.2323215187284726,1.1289385826339193,0.15563948229144936,-3.1972999824624844e-25,0.2537865434946926,-0.36803642527806024,-6.0235951541094115e-25
1.238852815049881,1.130584765896117,0.15322177761299596,-3.2365075987175825e-25,0.25029406341294935,-0.37229968581997824,-5.982359675986096e-25
1.2453523171546403,1.1322000935794359,0.15078836466634254,-3.275254663033361e-25,0.24675782551128583,-0.3764916116603314,-5.94060758617153e-25
1.2518201226196854,1.1337845332952234,0.14833993781107496,-3.3135410665789983e-25,0.243178835732228,-0.38061186513068024,-5.898343969663946e-25
1.258256360615038,1.1353380698114481,0.14587717337511882,-3.3513669555566113e-25,0.2395580951624815,-0.38466013972664415,-5.855573925842376e-25
1.2646611789882063,1.1368607013582446,0.14340073397102332,-3.388732649819711e-25,0.23589660601062204,-0.3886361514641976,-5.812302648526954e-25
1.271034748474842,1.1383524401767424,0.14091126642451376,-3.4256386634699773e-25,0.23219536826601953,-0.3925396412545068,-5.7685353954205145e-25
1.2773772620688384,1.1398133118558247,0.1384094015436238,-3.462085696516102e-25,0.22845537900049562,-0.3963703741358333,-5.724277488148584e-25
1.2836889335964725,1.1412433544907088,0.13589575424398853,-3.4980746220378277e-25,0.22467763218189404,-0.40012813803329184,-5.679534317761189e-25
1.289969989390545,1.1426426163375696,0.1333709265149367,-3.5336064347208213e-25,0.22086312278215228,-0.4038127385421364,-5.634311400608712e-25
1.2962206819571023,1.1440111584219321,0.1308355016272396,-3.5686823244528424e-25,0.21701283767353044,-0.40742400673216345,-5.588614277122289e-25
1.3024412788723108,1.145349051543021,0.12829004824274598,-3.603303608777158e-25,0.2131277613893915,-0.4109617922151472,-5.542448586084984e-25
1.3086320624392682,1.146656375777294,0.12573512032330392,-3.6374717274186276e-25,0.20920887559949694,-0.4144259627508472,-5.49582006402779e-25
1.3147933333445119,1.1479332208043518,0.1231712553910926,-3.671188258608859e-25,0.2052571560151894,-0.41781640602882736,-5.44873451345709e-25
1.320925400493874,1.1491796833575394,0.1205989785517972,-3.704454859630587e-25,0.201273578145108,-0.42113302380654155,-5.401197875973401e-25
1.3270285936273603,1.1503958694052476,0.1180187970680801,-3.73727333211426e-25,0.19725910847157566,-0.4243757385920476,-5.353216131169604e-25
1.3331032528588047,1.151581891565195,0.11543120456710534,-3.7696455612125257e-25,0.19321471046636043,-0.4275444876490637,-5.3047953718635675e-25
1.3391497384483033,1.152737870593472,0.11283667675153415,-3.8015735640517394e-25,0.18914133739967265,-0.43063922783548414,-5.255941721061705e-25
1.3451684146157268,1.1538639318269042,0.11023567820146654,-3.8330594000713753e-25,0.18503994248037545,-0.4336599269347629,-5.206661455986034e-25
1.3511596601051308,1.1549602068594238,0.10762865780456427,-3.8641052240179947e-25,0.18091147121110535,-0.43660656894965705,-5.156960918724776e-25
1.3571238612797611,1.1560268318676832,0.1050160516852227,-3.8947132465255373e-25,0.176756865489715,-0.43947915040974506,-5.106846567265906e-25
1.3630614282063698,1.157063950073732,0.10239827609749569,-3.924885812940292e-25,0.1725770517524502,-0.4422776877915307,-5.056324833638626e-25
1.3689727658503537,1.1580717062432169,0.09977574003871037,-3.9546252524956456e-25,0.16837296050520653,-0.44500220345177044,-5.0054023604572965e-25
1.3748583074387157,1.1590502521126704,0.09714883051730366,-3.983934044197436e-25,0.16414550222603802,-0.4476527410102005,-4.954085709926967e-25
1.3807184795806693,1.1599997400586837,0.0945179280233841,-4.012814637836945e-25,0.15989559158685832,-0.45022934894736594,-4.902381657163011e-25
1.3865537291370518,1.1609203272638524,0.09188339459820682,-4.0412695852381824e-25,0.15562412771811804,-0.45273209256049723,-4.850296950492186e-25
1.3923645088369805,1.161812172952778,0.08924558028089866,-4.069301465158639e-25,0.1513320039900556,-0.45516104713731687,-4.797838429315774e-25
1.398151281930461,1.1626754387954914,0.08660482107114065,-4.096912902958441e-25,0.1470201041330674,-0.4575162996814328,-4.745012975737021e-25
1.403914520484142,1.1635102882842028,0.08396143975708592,-4.1241065589244513e-25,0.14268930298027716,-0.459797947823783,-4.691827522039396e-25
1.4096547054534618,1.1643168864004085,0.08131574595636647,-4.150885125321774e-25,0.1383404659336817,-0.46200609949374116,-4.638289042261788e-25
1.4153723272979866,1.1650953993537263,0.07866803591339834,-4.177251325863072e-25,0.1339744480216087,-0.46414087275888494,-4.584404538340859e-25
1.421067885009962,1.1658459940999546,0.0760185930382643,-4.203207907741121e-25,0.1295920941726026,-0.4662023950310854,-4.530181040873006e-25
1.426741882181944,1.1665688375151864,0.07336768985356347,-4.228757620677643e-25,0.1251942418404366,-0.46819080129271246,-4.475625638868814e-25
1.4323948353199427,1.1672640971546258,0.07071558423879155,-4.2539032513581e-25,0.12078171417973502,-0.4701062366504755,-4.420745392094626e-25
1.4380272690057934,1.1679319402630377,0.06806252179403538,-4.278647597680142e-25,0.11635532333630484,-0.4719488540595686,-4.365547368146622e-25
1.4436397128679714,1.168572533117494,0.06540873741214873,-4.302993452347011e-25,0.11191587247825818,-0.4737188129207267,-4.310038664173948e-25
1.4492327017130477,1.169186040792943,0.06275445538766132,-4.326943600885745e-25,0.10746415541037452,-0.4754162788112965,-4.254226398465395e-25
1.4548067792179098,1.16977262729399,0.060099887830973094,-4.350500834549357e-25,0.10300095333685876,-0.47704142420516527,-4.198117665875254e-25
1.4603624937430228,1.1703324548143264,0.05744523682431147,-4.373667929317571e-25,0.09852703790021206,-0.4785944267525315,-4.14171957162547e-25
1.4659004037503838,1.1708656840146614,0.05479069201323846,-4.396447665523061e-25,0.09404316655556899,-0.4800754703531285,-4.085039168545364e-25
1.4714210697655719,1.171372472953007,0.052136434635941885,-4.4188427914104895e-25,0.08955008880455266,-0.4814847424639537,-4.028083531024627e-25
1.4769250600166408,1.171852977398057,0.04948263502414953,-4.4408560437295e-25,0.08504854143609913,-0.4828224352176852,-3.9708596902008294e-25
1.4824129490189772,1.172307350425838,0.04682945347792111,-4.462490138777374e-25,0.08053924945956215,-0.48408874452791606,-3.913374640658164e-25
1.4878853108467218,1.1727357416541586,0.04417704373708428,-4.4837477434242495e-25,0.07602293148825148,-0.4852838681556176,-3.8556354041711013e-25
1.4933427299763031,1.1731382979197527,0.04152554795726698,-4.504631515198569e-25,0.07150029068882723,-0.48640800777378385,-3.797648909185011e-25
1.498785786600884,1.173515161955462,0.03887510406110039,-4.5251440431328825e-25,0.06697202680942363,-0.4874613654309586,-3.739422139617191e-25
1.5042150816084174,1.1738664739469598,0.03622583381331903,-4.545287939736092e-25,0.062438815327380985,-0.48844414803475794,-3.6809618616024593e-25
1.5096311956841302,1.174192368599881,0.03357786299096068,-4.56506568557891e-25,0.05790134146027474,-0.4893565592640026,-3.6222750560622027e-25
1.515034736192662,1.1744929780084565,0.030931298752290216,-4.584479801070437e-25,0.053360260985706204,-0.4901988076851377,-3.563368408096897e-25
1.5204262965761326,1.1747684289808062,0.02828624971911327,-4.603532695120001e-25,0.048816234188162985,-0.49097109933958333,-3.5042487401416157e-25
1.5258064780602956,1.1750188442335496,0.02564281562268227,-4.622226742829791e-25,0.04426990769275221,-0.491673641142155,-3.4449227718343564e-25
1.5311758832018438,1.1752443418805705,0.02300109071510243,-4.640564260166276e-25,0.039721919893882775,-0.4923066394867983,-3.3853971848852828e-25
1.536535116963236,1.175445035366994,0.020361163500309448,-4.65854750597227e-25,0.03517290008608971,-0.4928703000823435,-3.3256786063496776e-25
1.5418847859243678,1.1756210333212842,0.017723117382175954,-4.6761786775227935e-25,0.030623469183641838,-0.4933648275426563,-3.265773612590104e-25
1.5472254959634093,1.1757724393934694,0.01508703207275679,-4.6934599014703555e-25,0.026074241767227564,-0.4937904249222956,-3.205688750910918e-25
1.5525578519538596,1.175899352204608,0.012452984010586036,-4.710393231986213e-25,0.021525826438550485,-0.49414729355025405,-3.1454305391903255e-25
1.557882457740965,1.1760018653137723,0.00982104664037943,-4.726980649895463e-25,0.016978825944461123,-0.4944356328995675,-3.0850054624950278e-25
1.5631999221299138,1.1760800672648952,0.007191287717720095,-4.743224080025939e-25,0.012433832166552368,-0.4946556406687633,-3.0244199011416744e-25
1.5685108505387926,1.176134041361712,0.0045637737001755305,-4.759125363912977e-25,0.007891433363733893,-0.49480751208595836,-2.9636802215722605e-25
1.5738158464629943,1.1761638657076026,0.001938569291835043,-4.774686264044217e-25,0.0033522130553852256,-0.49489143994605334,-2.902792756694685e-25
1.579115514296861,1.1761696132082624,-0.000684263687685289,-4.789908471454258e-25,-0.0011832522592204993,-0.4949076145321531,-2.841763770238048e-25
1.5844104512585682,1.17615135156423,-0.003304662043210171,-4.804793582009926e-25,-0.005714386052327539,-0.49485622349751685,-2.780599546630566e-25
1.5897083322720518,1.1761090708294772,-0.005926066099796016,-4.819362363317456e-25,-0.01024667128285673,-0.49473724792254,-2.7192241987229864e-25
1.595011984021345,1.1760426993186557,-0.008549514860446342,-4.833620880759484e-25,-0.014781436828194057,-0.49455050711471676,-2.6576173152565927e-25
1.600321997066719,1.17595216303496,-0.011174938285975888,-4.847568760954409e-25,-0.019318092172067033,-0.49429582592964644,-2.595784340565549e-25
1.6056389698195093,1.175837382871888,-0.01380226759357489,-4.861205565810531e-25,-0.023856047692786632,-0.49397302696512696,-2.533730688788087e-25
1.6109635073977724,1.1756982745088806,-0.016431434422135262,-4.87453078692786e-25,-0.02839471354605473,-0.49358193032532655,-2.4714617534698522e-25
1.6162962037580102,1.1755347488931247,-0.019062361745535248,-4.887543800135325e-25,-0.03293348431876707,-0.4931223550209612,-2.4089831135109743e-25
1.6216376680390077,1.1753467115555918,-0.021694976614052234,-4.900243930481627e-25,-0.03747176136881811,-0.49259411707985346,-2.3463002218594763e-25
1.6269884944926074,1.1751340635840282,-0.024329195057604704,-4.912630378524607e-25,-0.04200892713996775,-0.49199703230145514,-2.2834187545573984e-25
1.6323492866703029,1.1748967008936244,-0.026964933750783116,-4.924702278440088e-25,-0.046544365646280776,-0.491330914214226,-2.2203443237815983e-25
1.6377206419521102,1.1746345148694692,-0.029602102130426546,-4.93645866146522e-25,-0.05107744926576771,-0.4905955758724085,-2.1570826559065865e-25
1.6431031601597283,1.1743473920950334,-0.032240606374230076,-4.947898475645244e-25,-0.05560754597741703,-0.48979082907161087,-2.0936394865024936e-25
1.6484974393328031,1.1740352146228363,-0.03488034706414039,-4.959020576265496e-25,-0.06013401573487138,-0.48891648507101304,-2.0300206060652632e-25
1.6539040697597245,1.1736978604771786,-0.03752121601909504,-4.96982371447608e-25,-0.06465620545375036,-0.48797235594683086,-1.966231926337012e-25
1.6593236444397061,1.1733352031864261,-0.0401631011669901,-4.980306559481921e-25,-0.06917345778976836,-0.48695825321090896,-1.9022793525223775e-25
1.6647567506455718,1.1729471124285404,-0.04280588217375299,-4.990467681999174e-25,-0.0736851040820917,-0.48587398952883104,-1.8381688781477445e-25
1.6702039781781015,1.1725334536042498,-0.045449434218425754,-5.000305570578383e-25,-0.07819047124414313,-0.4847193774203454,-1.7739064827804716e-25
1.675665910027378,1.1720940886460713,-0.048093623207190586,-5.0098186146848355e-25,-0.08268887404149537,-0.4834942313943871,-1.709498237102118e-25
1.681143118701737,1.1716288765895906,-0.050738303789912925,-5.019005100721225e-25,-0.08717961221648922,-0.4821983693915534,-1.644950340678626e-25
1.6866361778713548,1.171137672843353,-0.05338332477744943,-5.027863233697001e-25,-0.09166198019156721,-0.4808316105788752,-1.5802689788720235e-25
1.6921456577927745,1.170620329708479,-0.05602852669402617,-5.03639112981585e-25,-0.09613526338078052,-0.47939377661112487,-1.5154603708622917e-25
1.69767212443986,1.1700766966524458,-0.05867374114073274,-5.044586816222442e-25,-0.10059873760684297,-0.47788469218205615,-1.4505307736581775e-25
1.7032161344820198,1.169506621046166,-0.061318788192609816,-5.052448225342159e-25,-0.10505166522866081,-0.4763041868350939,-1.3854865344862845e-25
1.708778238330521,1.1689099481551193,-0.0639634776793018,-5.059973201843277e-25,-0.10949329784941145,-0.47465209467500585,-1.3203340479314035e-25
1.7143589760858782,1.1682865218608938,-0.06660760708657781,-5.06715949950898e-25,-0.11392287334477773,-0.4729282560781498,-1.255079796033425e-25
1.7199588959507164,1.1676361828345816,-0.06925097009213538,-5.074004806430814e-25,-0.11833963069398877,-0.4711325123351706,-1.1897301256570015e-25
1.7255785260982432,1.166958771938771,-0.07189334306420837,-5.080506710650509e-25,-0.1227427879095735,-0.4692647147236449,-1.1242915697731376e-25
1.7312183869897293,1.1662541292337558,-0.07453449078132729,-5.086662719668226e-25,-0.127131552229597,-0.46732472138597775,-1.0587706948841433e-25
1.7368789991986626,1.1655220932510555,-0.0771741699338979,-5.092470270653859e-25,-0.13150512648532187,-0.4653123949449212,-9.931740020817333e-26
1.7425608695850747,1.1647625030058542,-0.07981212250712966,-5.097926717490321e-25,-0.13586269867215353,-0.4632276076298139,-9.275080792804108e-26
1.7482644990980183,1.1639751973410606,-0.08244807931452841,-5.10302934189278e-25,-0.14020344840523902,-0.4610702390249818,-8.617795018165201e-26
1.7539903797649214,1.163160015632036,-0.08508175848004532,-5.107775352836372e-25,-0.1445265449858981,-0.45884017753519357,-7.959948584579873e-26
1.7597389924813722,1.1623167984520362,-0.08771286433330447,-5.112161887742971e-25,-0.14883114618566673,-0.4565373217058598,-7.301607675270982e-26
1.7655108137267728,1.1614453869288723,-0.09034109039945806,-5.116186020455891e-25,-0.15311640372693763,-0.4541615779408223,-6.642837906958696e-26
1.771306308441535,1.1605456241078462,-0.09296611605111453,-5.119844758261442e-25,-0.15738145837606696,-0.45171286367591373,-5.983705054145253e-26
1.7771259289792243,1.1596173555162466,-0.09558760600124273,-5.123135044940091e-25,-0.1616254397338198,-0.44919110832887305,-5.324275068805008e-26
1.7829701220202592,1.1586604284336255,-0.09820521338017096,-5.126053767923841e-25,-0.1658474718073867,-0.4465962507093269,-4.6646131997243684e-26
1.7888393243306044,1.1576746928837476,-0.1008185777632099,-5.128597758223931e-25,-0.1700466703631231,-0.44392824109050183,-4.004784381902154e-26
1.7947339617996996,1.1566600021626092,-0.10342732472050553,-5.130763793105163e-25,-0.1742221427707949,-0.44118704198432185,-3.344853248960761e-26
1.8006544425746365,1.155616214442949,-0.10603106280544523,-5.1325485975251455e-25,-0.17837298377793373,-0.43837263178630204,-2.6848848001940016e-26
1.8066011811388445,1.154543188900236,-0.10862939414926981,-5.133948854524811e-25,-0.18249829294782907,-0.43548499362835535,-2.0249416215803192e-26
1.812574569127892,1.1534407911810585,-0.11122190160933691,-5.134961198778245e-25,-0.18659715467292926,-0.4325241294101632,-1.3650870513154333e-26
1.8185749880655333,1.1523088915968438,-0.11380815444541305,-5.135582224616122e-25,-0.19066864779033307,-0.4294900541668584,-7.053836600314294e-27
1.8246028102531198,1.1511473653084723,-0.11638770873175279,-5.135808488912381e-25,-0.19471184672221012,-0.4263827958057436,-4.58930650434731e-28
1.830658395395577,1.1499560933348407,-0.11896010595831857,-5.135636513838564e-25,-0.1987258197623332,-0.42320239702756396,6.1332378696146275e-27
1.8367420923245488,1.1487349626071157,-0.12152487384780757,-5.135062790260397e-25,-0.20270963083806876,-0.41994891466947354,1.2722068962266701e-26
1.842854234658743,1.1474838672315848,-0.12408152462543542,-5.134083781577868e-25,-0.20666233729108965,-0.41662242225239693,1.9306968260894784e-26
1.8489951451384325,1.1462027080249977,-0.12662955697270362,-5.132695926986484e-25,-0.21058299337126143,-0.4132230079055686,2.5887352579201487e-26
1.8551651384127148,1.1448913922752755,-0.1291684572726827,-5.130895643479738e-25,-0.21447065254423686,-0.4097507729018259,3.246265363174777e-26
1.8613645093126372,1.1435498366030155,-0.13169769491128913,-5.1286793323690655e-25,-0.21832436068863445,-0.40620583838713104,3.9032306277038327e-26
1.8675935398857673,1.142177965921635,-0.13421672539414894,-5.126043381820535e-25,-0.22214316130775721,-0.40258834174188457,4.5595756854654706e-26
1.8738524980583238,1.1407757141206152,-0.1367249899885787,-5.122984170931923e-25,-0.225926095353686,-0.39889843751088866,5.215246248337461e-26
1.880141639141636,1.1393430241201172,-0.13922191653254554,-5.119498072613154e-25,-0.22967220279592052,-0.3951362966686553,5.870189331713888e-26
1.8864611967485312,1.1378798503571013,-0.1417069160793079,-5.115581462730372e-25,-0.2333805179356671,-0.3913021122567626,6.524352376906784e-26
1.892811389647047,1.1363861576875427,-0.1441793859415465,-5.111230721318774e-25,-0.23705007433774275,-0.3873960955884866,7.177684037716931e-26
1.8991924230204258,1.1348619214740188,-0.14663871044942015,-5.10644223542808e-25,-0.24067990623425342,-0.38341847559261866,7.830134366125034e-26
1.9056044791862945,1.133307130212891,-0.14908425769388564,-5.1012124103601225e-25,-0.24426904399843719,-0.3793695047761885,8.481653920226708e-26
1.9120477225574843,1.1317217848220817,-0.15151538185690014,-5.095537671469974e-25,-0.2478165178961739,-0.37524945645011787,9.132194335939403e-26
1.9185222944396083,1.1301059003648897,-0.15393142166877474,-5.0894144739086405e-25,-0.25132135610561607,-0.3710586283091315,9.781707857982445e-26
1.925028320459338,1.1284595046525085,-0.1563317036490571,-5.082839301157052e-25,-0.25478258968173345,-0.3667973379085027,1.0430148140327395e-25
1.9315659021497726,1.1267826407697092,-0.15871553943477554,-5.075808678158251e-25,-0.258199248892861,-0.3624659283326167,1.1077469448417978e-25
1.9381351083528846,1.1250753698078397,-0.1610822232803133,-5.068319187872996e-25,-0.26157035993183103,-0.35806477434520506,1.1723625870541372e-25
1.9447359929650008,1.1233377667742213,-0.1634310391261785,-5.060367458512934e-25,-0.2648949552576412,-0.3535942709474786,1.2368573122384163e-25
1.951368581567346,1.121569924473045,-0.1657612563557836,-5.051950184325524e-25,-0.2681720676936586,-0.34905484254203584,1.3012267266230241e-25
1.9580328640372626,1.1197719560103359,-0.16807212799538693,-5.043064143317615e-25,-0.2714007281549677,-0.3444469484911629,1.365466405107896e-25
1.964728810443598,1.1179439910244977,-0.17036289705959756,-5.033706184462406e-25,-0.27457997474487766,-0.339771072605525,1.42957204970969e-25
1.971456360217988,1.1160861790116308,-0.1726327935252402,-5.023873248632577e-25,-0.2777088486245301,-0.3350277308802432,1.4935393878838482e-25
1.9782154083486974,1.1141986936697246,-0.17488103065208835,-5.0135623982647e-25,-0.2807863891659774,-0.3302174817720731,1.5573640464335972e-25
1.9850058361513414,1.112281724815968,-0.17710681623826438,-5.00277077996385e-25,-0.28381164955534177,-0.32534090481899314,1.621041846728191e-25
1.9918274706614223,1.1103354901875735,-0.17930934013480343,-4.991495695517458e-25,-0.28678367983174546,-0.3203986299776407,1.6845684248205422e-25
1.9986801142896145,1.1083602275841835,-0.18148778515068315,-4.979734565501726e-25,-0.2897015418913093,-0.31539131690478756,1.7479395142111624e-25
2.0055635246445314,1.106356201032234,-0.183641321640625,-4.967484971769513e-25,-0.29256430225156677,-0.31031966995805826,1.8111507603661008e-25
2.0124774227474096,1.1043236988784892,-0.18576911139901806,-4.954744654304749e-25,-0.2953710373936697,-0.305184432722069,1.8741978003383221e-25
2.0194214903777823,1.1022630349460942,-0.18787030807523242,-4.941511525929693e-25,-0.2981208343590344,-0.2999863903640029,1.9370762404337526e-25
2.0263953651758184,1.1001745503720899,-0.18994405704091544,-4.927783692416272e-25,-0.3008127906417885,-0.29472637374030114,1.999781614088546e-25
2.033398637960724,1.098058614810436,-0.19198949608585908,-4.913559469778227e-25,-0.30344601518871206,-0.289405261934317,2.062309360606085e-25
2.0404308642090823,1.0959156232985494,-0.1940057602564086,-4.898837372382656e-25,-0.3060196346627204,-0.2840239739580201,2.124654929267242e-25
2.0474915478772164,1.0937460014354399,-0.19599197864994977,-4.883616157153169e-25,-0.3085327892994052,-0.2785834814223001,2.1868136358216115e-25
2.054580143648325,1.0915502050294683,-0.19794727679841484,-4.867894832281488e-25,-0.3109846360060173,-0.27308480733473284,2.2487806848043887e-25
2.061696063607511,1.0893287182720472,-0.19987078019794652,-4.851672654756158e-25,-0.31337435277674774,-0.2675290213028904,2.310551228590575e-25
2.0688386651123913,1.0870820577015858,-0.20176161272137022,-4.83494916991823e-25,-0.31570113665845356,-0.2619172493090233,2.372120261794351e-25
2.076007264136469,1.0848107681850572,-0.20361890199591065,-4.817724193401344e-25,-0.3179642103451917,-0.25625066359372495,2.4334827366724315e-25
2.0832011250672124,1.0825154262018715,-0.2054417784576779,-4.799997846780653e-25,-0.32016282087020664,-0.25053049088470086,2.494633473628784e-25
2.0904194622620698,1.080196639420994,-0.20722937765815264,-4.781770566812153e-25,-0.3222962423093059,-0.24475801143531017,2.5555671736531873e-25
2.097661444185271,1.077855045363331,-0.20898084315979573,-4.763043107227592e-25,-0.32436377909123865,-0.23893455588751827,2.616278451156487e-25
2.1049261825849257,1.0754913148394256,-0.21069532582272651,-4.743816578948992e-25,-0.3263647649883428,-0.23306151410473022,2.676761740687696e-25
2.1122127502158254,1.073106146087608,-0.21237198997782872,-4.724092415974862e-25,-0.3282985701654614,-0.22714032097527026,2.7370114420604605e-25
2.119520167502403,1.0707002689037264,-0.2140100121190557,-4.703872421608234e-25,-0.33016459935662174,-0.2211724671569669,2.7970218047570865e-25
2.1268474093188243,1.0682744421895818,-0.21560858441379,-4.683158761905214e-25,-0.3319622956490107,-0.21515949355679692,2.8567869799485877e-25
2.134193411481066,1.0658294514664604,-0.21716691792176382,-4.661953957398665e-25,-0.3336911437605979,-0.20910298584334736,2.9163010675333547e-25
2.141557056512476,1.0633661132210477,-0.2186842413769036,-4.640260934063935e-25,-0.33535066832780314,-0.20300458598045557,2.975557994523147e-25
2.1489371930788024,1.0608852679959202,-0.2201598071234018,-4.618082977049849e-25,-0.33694044009458685,-0.19686597597077435,3.034551666025312e-25
2.156332633490754,1.058387780664979,-0.22159289215674852,-4.595423745242521e-25,-0.338460076506765,-0.1906888795042901,3.093275936209851e-25
2.1637421499136913,1.0558745411298796,-0.22298279901303572,-4.572287290690313e-25,-0.33990924217354485,-0.18447506472423522,3.1517245698429784e-25
2.1711644834668617,1.053346460606682,-0.2243288590905512,-4.548678037873796e-25,-0.341287651846822,-0.17822633617075734,3.209891305647466e-25
2.1785983452101587,1.050804470575122,-0.22563043422607665,-4.524600786200427e-25,-0.34259507143752616,-0.17194453339415558,3.2677698539348437e-25
2.1860424171225175,1.048249521688753,-0.2268869182181863,-4.500060712094695e-25,-0.34383131893622465,-0.16563152954309016,3.3253538940114083e-25
2.193495365508762,1.0456825783579216,-0.22809774027637886,-4.475063328618979e-25,-0.344996267121849,-0.15928921932862602,3.382637166707116e-25
2.2009558352019662,1.0431046198608902,-0.22926236500208988,-4.449614506473968e-25,-0.3460898427307752,-0.152919523177221,3.439613417045231e-25
2.208422452825422,1.0405166383310587,-0.23038029389361384,-4.423720465259013e-25,-0.34711202712922407,-0.14652438371355755,3.496276407540075e-25
2.215893839845895,1.0379196332979297,-0.23145106807227067,-4.397387728777165e-25,-0.3480628579634001,-0.14010575376841986,3.5526200045862485e-25
2.223368609675258,1.035314611710562,-0.2324742683446154,-4.370623133458955e-25,-0.34894242822831995,-0.1336655979618947,3.6086381424987614e-25
2.2308453733756446,1.0327025849664861,-0.23344951643903616,-4.343433806230243e-25,-0.3497508863698765,-0.12720588690695256,3.6643248528702198e-25
2.238322747229615,1.0300845652604453,-0.23437647621394742,-4.315827133531812e-25,-0.3504884362147678,-0.12072858973622008,3.7196743067725907e-25
2.2457993511888326,1.02746156511204,-0.2352548534954646,-4.28781076227968e-25,-0.3511553356838919,-0.11423567448793434,3.7746807887308746e-25
2.2532738189725383,1.0248345928164873,-0.23608439719549523,-4.259392556767216e-25,-0.35175189645690913,-0.10772909839279386,3.8293387568384314e-25
2.2607447930705034,1.022204653196239,-0.23686489847267597,-4.230580610935427e-25,-0.35227848206792384,-0.10121081126021424,3.883642791625655e-25
2.2682109408725846,1.019572740940804,-0.2375961920539361,-4.201383179156337e-25,-0.35273550747228105,-0.09468274047264964,3.937587699299332e-25
2.275670952407362,1.0169398404256416,-0.23827815526872065,-4.171808675286183e-25,-0.3531234368480452,-0.08814679197686308,3.991168480006246e-25
2.283123538345591,1.0143069254816683,-0.23891070715923135,-4.141865671509273e-25,-0.3534427815426292,-0.08160485112204043,4.0443802995233177e-25
2.2905674427306786,1.0116749539970393,-0.23949380874213058,-4.1115628376007586e-25,-0.35369409856945533,-0.07505877060631368,4.097218566615466e-25
2.2980014392034507,1.0090448683824917,-0.24002746160867858,-4.0809089447882814e-25,-0.35387798809418436,-0.0685103729118551,4.149678892022351e-25
2.305424334719918,1.006417593436654,-0.24051170710839154,-4.0499128394924694e-25,-0.3539950912324922,-0.061961446217912886,4.201757101763885e-25
2.3128349757517475,1.0037940333773203,-0.24094662549739673,-4.0185834055144513e-25,-0.35404608767887075,-0.05541373814659429,4.2534492677417255e-25
2.3202322438232525,1.001175072698242,-0.24133233429760953,-3.9869295703985962e-25,-0.3540316931037799,-0.04886895896514461,4.304751664035688e-25
2.3276150640537776,0.9985615724761061,-0.24166898735965642,-3.954960256726711e-25,-0.35395265662437836,-0.04232877335404286,4.35566081460494e-25
2.334982401586421,0.9959543710216386,-0.24195677313756306,-3.922684384386008e-25,-0.3538097581517671,-0.03579480293128545,4.406173457024289e-25
2.342333267126593,0.9933542813635272,-0.24219591335343804,-3.8901108335523685e-25,-0.35360380567108574,-0.029268620770106748,4.4562865698447925e-25
2.3496667105085254,0.9907620930257861,-0.2423866611588942,-3.857248460182843e-25,-0.35333563276819485,-0.022751756593204227,4.505997318552814e-25
2.356981826280634,0.9881785696083661,-0.24252929973184378,-3.824106058909507e-25,-0.35300609593819293,-0.01624569136502712,4.555303084567419e-25
2.3642777526920025,0.9856044487595079,-0.24262414058171825,-3.7906923548846314e-25,-0.3526160720359811,-0.009751857792704141,4.6042014495711015e-25
2.3715536751625064,0.9830404406222367,-0.24267152190249758,-3.7570159753001477e-25,-0.3521664555309349,-0.003271636895098751,4.652690210548363e-25
2.378808819417221,0.9804872299798583,-0.24267180682002523,-3.723085468725079e-25,-0.35165815640595394,0.0031936361686338175,4.700767326375594e-25
2.3860424540667364,0.977945475117312,-0.24262538181287605,-3.6889092818068494e-25,-0.3510920976685172,0.009642674619817646,4.748430928605393e-25
2.3932704315852953,0.9754100105535698,-0.24253238906892682,-3.654416421705125e-25,-0.35046771734474647,0.01608899461498081,4.79578738115563e-25
2.400491801355582,0.9728815815477367,-0.24239294477363357,-3.619614244931168e-25,-0.34978558907420965,0.022531144262564473,4.842831316889722e-25
2.4077055393974627,0.9703609517173456,-0.2422071960134212,-3.5845106341432505e-25,-0.34904632109778816,0.028967608365985678,4.889556824839693e-25
2.4149106511259255,0.9678488664591904,-0.2419753194109475,-3.5491135065163225e-25,-0.3482505467694093,0.03539690044771006,4.9359581225736715e-25
2.4221061794941177,0.9653460497143652,-0.24169751973266362,-3.5134307646696023e-25,-0.3473989217113586,0.041817570407581335,4.982029602042149e-25
2.429291201644044,0.9628532047967955,-0.2413740287236601,-3.4774703032273707e-25,-0.34649212210188757,0.04822820188394265,5.027765801139368e-25
2.4364648316076214,0.9603710131554029,-0.2410051037298033,-3.441239985727619e-25,-0.345530842312337,0.05462741496858627,5.073161414635844e-25
2.4436262280936876,0.9579001314407831,-0.24059102589654738,-3.404747594885085e-25,-0.3445157917051146,0.061013873409666096,5.118211336820149e-25
2.45077458610428,0.9554411942174331,-0.24013209915247677,-3.368000864385803e-25,-0.3434476935821598,0.06738627734009324,5.162910601953477e-25
2.4579091414712,0.9529948122439107,-0.23962864855619806,-3.3310074458090884e-25,-0.3423272824752998,0.07374336748514185,5.207254407018889e-25
2.4650291769431303,0.9505615702957333,-0.23908101834282103,-3.293774866344656e-25,-0.3411553010023088,0.08008393069334563,5.251238143301939e-25
2.472134011561579,0.9481420307560887,-0.23848957118267486,-3.2563105735618816e-25,-0.3399324994253044,0.08640679053078723,5.2948573245692255e-25
2.479223009636437,0.9457367305338994,-0.2378546860274744,-3.2186218785100077e-25,-0.3386596321332263,0.09271081528884932,5.338107637108967e-25
2.4862955789139156,0.9433461817359742,-0.2371767566894339,-3.1807159548083974e-25,-0.33733745582272745,0.09899491631054785,5.3809849225856335e-25
2.4933511666815216,0.9409708730598594,-0.23645619071212895,-3.1425998495891388e-25,-0.3359667282107343,0.1052580444452114,5.423485149074536e-25
2.5003892655102895,0.9386112679695927,-0.23569340731955374,-3.104280442940656e-25,-0.33454820498109716,0.11149919501860142,5.465604440603797e-25
2.5074094025508304,0.9362678084361583,-0.2348888370940739,-3.0657644966593063e-25,-0.3330826400151479,0.11771739816526776,5.507339007968921e-25
2.514411152497484,0.9339409107723691,-0.23404291913002231,-3.027058574537202e-25,-0.33157078092971526,0.12391173010845391,5.548685221423322e-25
2.521394123386638,0.9316309705846042,-0.23315610124926525,-2.988169111460211e-25,-0.33001337025500666,0.13008130032470455,5.58963952148766e-25
2.5283579649012267,0.9293383602351126,-0.23222883768857566,-2.9491023594757756e-25,-0.3284111420000262,0.1362252586077245,5.630198463785851e-25
2.535302363791226,0.9270634306240608,-0.23126158832612007,-2.909864405063835e-25,-0.32676482100476867,0.1423427906879288,5.67035868755595e-25
2.5422270410106544,0.9248065123993026,-0.23025481783483867,-2.870461177898664e-25,-0.3250751220989461,0.14843311535526726,5.710116895016318e-25
2.549131757272892,0.922567914442458,-0.22920899365291775,-2.830898412061503e-25,-0.32334274727504103,0.1544954889537093,5.749469879144258e-25
2.556016302026756,0.920347927770753,-0.2281245864278681,-2.7911817020839383e-25,-0.3215683869988365,0.16052919526841125,5.788414456469669e-25
2.562880503030451,0.9181468227603026,-0.2270020674440632,-2.7513164417157836e-25,-0.31975271648796844,0.16653355348278556,5.826947517719752e-25
2.5697242152064885,0.9159648530825333,-0.22584190929378795,-2.7113078821553715e-25,-0.3178963973248654,0.17250790793365536,5.865065960847336e-25
2.576547330869877,0.9138022527848201,-0.2246445831491784,-2.671161066835671e-25,-0.31600007354074494,0.17845163654861845,5.902766744411128e-25
2.5833497657006563,0.9116592411251778,-0.22341056015628682,-2.630880908131768e-25,-0.314064374304829,0.18436413807475283,5.940046805612938e-25
2.5901314670868882,0.9095360202818576,-0.22214030908673174,-2.5904721336614486e-25,-0.31208991061499924,0.19024483881416446,5.976903102963727e-25
2.59689241224251,0.9074327763480272,-0.22083429571406055,-2.549939292360494e-25,-0.31007727476462,0.19609319039257156,6.013332601562119e-25
2.6036325998584484,0.9053496823131136,-0.21949298357837624,-2.5092868002513674e-25,-0.3080270419010573,0.2019086619445404,6.049332224222979e-25
2.610352059109147,0.9032868956459947,-0.2181168314525352,-2.468518882546245e-25,-0.30593976648824844,0.20769074729540304,6.084898896163689e-25
2.617050841863177,0.9012445611067161,-0.21670629409533074,-2.427639616750517e-25,-0.3038159838258043,0.2134389575949865,6.120029499134544e-25
2.6237290245269027,0.899222810566676,-0.21526182117827064,-2.3866529182681764e-25,-0.30165620874726146,0.2191528222623145,6.154720877325895e-25
2.630386705508758,0.8972217641750705,-0.21378385714819528,-2.345562552853637e-25,-0.2994609357297049,0.2248318861438109,6.188969820012123e-25
2.6370240068552286,0.8952415302624837,-0.21227284022959567,-2.304372123754845e-25,-0.2972306377080448,0.23047571022369628,6.22277306579634e-25
2.643641070658114,0.8932822068182675,-0.21072920262057268,-2.2630850913633864e-25,-0.29496576665648055,0.23608386785424612,6.256127279811352e-25
2.6502380607933387,0.891343881367708,-0.20915336953594182,-2.2217047601806458e-25,-0.2926667524521505,0.24165594551309935,6.289029058177696e-25
2.656815160585303,0.889426632063979,-0.20754575921351118,-2.1802342913179683e-25,-0.29033400315313,0.24719154007854147,6.321474911591478e-25
2.6633725726410593,0.8875305281301487,-0.20590678246407532,-2.1386767017902463e-25,-0.2879679045945722,0.25269025793401834,6.353461259865965e-25
2.669910517393889,0.8856556306739252,-0.20423684257391136,-2.097034872199577e-25,-0.28556882048898663,0.2581517129715375,6.384984420015244e-25
2.676429232321829,0.883801993296272,-0.20253633509079932,-2.055311550480216e-25,-0.28313709234625034,0.2635755251557567,6.416040597702598e-25
2.682928974206929,0.881969661840287,-0.20080564683087393,-2.0135093362979849e-25,-0.2806730382799556,0.26896132159082725,6.446625892860173e-25
2.689410016373199,0.8801586755754104,-0.199045156203549,-1.9716306976744187e-25,-0.2781769537008753,0.27430873337710876,6.476736280995152e-25
2.6958726437416627,0.8783690689470229,-0.19725523424947594,-1.9296780024354552e-25,-0.275649112991041,0.2796173907077561,6.506367585205441e-25
2.7023171607356735,0.8766008697449085,-0.1954362421872672,-1.8876534666562995e-25,-0.27308976623349995,0.28488692853253766,6.535515507446015e-25
2.708743884969832,0.874854101241722,-0.1935885328471321,-1.8455591951475555e-25,-0.27049914145141424,0.290116980472678,6.5641755935789535e-25
2.7151531492364502,0.8731287820146487,-0.19171244986615796,-1.8033971684505774e-25,-0.26787744367508426,0.29530717955581876,6.592343236698793e-25
2.7215452973960987,0.8714249274175905,-0.18980832866565497,-1.7611692699580206e-25,-0.26522485650662286,0.30045715397699174,6.620013653205365e-25
2.727920689269268,0.8697425486269772,-0.18787649481731933,-1.718877253990363e-25,-0.2625415400368923,0.305566530129961,6.647181898290914e-25
2.7342796930800537,0.8680816550025341,-0.18591726613838294,-1.6765227962562126e-25,-0.2598276339603932,0.3106349255912749,6.673842827403952e-25
2.740622690064044,0.8664422531995647,-0.18393095118908215,-1.634107464129166e-25,-0.25708325568131335,0.3156619518909965,6.699991110313447e-25
2.7469500718089894,0.8648243482056954,-0.1819178499722062,-1.591632735168887e-25,-0.2543085014887584,0.32064721142564245,6.7256212138370555e-25
2.7532622415241863,0.8632279433464641,-0.17987825344513758,-1.549099989636215e-25,-0.25150344609311387,0.3255902974868309,6.750727400976068e-25
2.759559612235511,0.8616530410774184,-0.17781244402191745,-1.5065105237481981e-25,-0.24866814353703479,0.3304907918435713,6.775303717408523e-25
2.7658426001800724,0.8600996449260817,-0.17572069775004967,-1.4638655959436806e-25,-0.2458026304005221,0.33534825865473894,6.799343960433449e-25
2.7721116369677308,0.8585677567606435,-0.17360328030570704,-1.4211663461361765e-25,-0.2429069205426044,0.34016225292946195,6.822841720492987e-25
2.7783671511726493,0.8570573816054113,-0.1714604531927041,-1.3784139226157748e-25,-0.23998101383568754,0.34493230535560376,6.845790305943638e-25
2.7846095840323586,0.8555685240479372,-0.1692924685529448,-1.3356093773184866e-25,-0.2370248893244146,0.3496579334352168,6.868182797602995e-25
2.7908393789886987,0.8541011910435543,-0.1670995728082302,-1.2927537392687954e-25,-0.23403851048580918,0.35433863250817266,6.890012005076953e-25
2.7970569787842203,0.8526553927862863,-0.16488200789488067,-1.2498480372720987e-25,-0.23102182720298667,0.35897387272947767,6.911270453846322e-25
2.8032628318483974,0.8512311414051544,-0.1626400092081192,-1.206893258617458e-25,-0.2279747732901094,0.3635631029925633,6.931950404605664e-25
2.8094573872125714,0.8498284523531616,-0.16037380760036368,-1.1638903867808988e-25,-0.22489726956764766,0.36810574624449477,6.952043832774354e-25
2.8156410869941535,0.8484473462382599,-0.15808363243228152,-1.1208404567480451e-25,-0.22178922838681875,0.37260119323177243,6.971542403404527e-25
2.8218143750619813,0.8470878469699992,-0.1557697087297709,-1.0777444981092304e-25,-0.21865055018756116,0.37704880815755853,6.990437499418272e-25
2.82797768649413,0.8457499842014394,-0.1534322614399522,-1.0346036117887086e-25,-0.2154811297355292,0.3814479203742998,7.00872018944952e-25
2.8341314469495997,0.844433793459528,-0.15107151614487851,-9.91418978274407e-26,-0.2122808575926413,0.38579782350365155,7.026381230237318e-25
2.8402760758161465,0.8431393154642205,-0.1486876983178919,-9.481918392566147e-26,-0.20904961966581534,0.390097777258603,7.043411080471891e-25
2.846411977906722,0.8418665978555456,-0.14628103701434958,-9.049235597328152e-26,-0.20578730282293045,0.39434700129185785,7.059799883609609e-25
2.8525395384376626,0.8406156960830155,-0.14385176746451836,-8.616156676330435e-26,-0.20249379908232545,0.3985446717067245,7.075537464974826e-25
2.8586591293627315,0.8393866719199008,-0.14140012921268832,-8.182698132490835e-26,-0.19916900383395159,0.4026899255308551,7.090613360625612e-25
2.864771096765346,0.8381795957981809,-0.13892637179563153,-7.748878625088106e-26,-0.19581282435645414,0.40678185238479203,7.10501679994985e-25
2.8708757627812553,0.8369945460778985,-0.13643075475118144,-7.31471887714667e-26,-0.1924251807296766,0.4108194964131427,7.118736729778682e-25
2.8769734173461416,0.8358316102594776,-0.13391355178452743,-6.880242304222242e-26,-0.1890060124765662,0.41480185165705225,7.131761817869187e-25
2.8830643200639376,0.8346908841281157,-0.13137505087459642,-6.445474923552026e-26,-0.18555527978993563,0.4187278644780972,7.144080483806265e-25
2.8891486946394034,0.8335724722676534,-0.12881555745463777,-6.010445790240961e-26,-0.18207296903002884,0.4225964313699965,7.155680917069696e-25
2.8952267196895276,0.8324764890807769,-0.12623539923948984,-5.575187692864983e-26,-0.17855910057512606,0.42640639500716637,7.166551095063868e-25
2.901298523558033,0.8314030588873145,-0.1236349295063463,-5.1397375628298737e-26,-0.17501373469247147,0.43015654347786325,7.1766788167881375e-25
2.907364191986896,0.8303523136766406,-0.12101452487066242,-4.704135956934353e-26,-0.17143697001341734,0.4338456178333163,7.186051762318495e-25
2.913423749053896,0.8293243954798581,-0.11837459454146229,-4.268428452725975e-26,-0.16782895777327056,0.4374723036082047,7.194657513327191e-25
2.9194771613697585,0.8283194544773069,-0.11571557968125543,-3.832665371478744e-26,-0.16418990268279524,0.4410352373383813,7.202483619764628e-25
2.92552433267795,0.8273376487008509,-0.11303795687831306,-3.3969021827333095e-26,-0.16052006951629247,0.4445330076736204,7.20951765627665e-25
2.9315650925112315,0.826379144512413,-0.11034224432704084,-2.96120033127797e-26,-0.15681979353547332,0.4479641538384577,7.215747280603046e-25
2.9375992021892126,0.8254441141361719,-0.10762900033617084,-2.525626806182667e-26,-0.15308948050286242,0.4513271747778705,7.22116031910136e-25
2.943626347754497,0.8245327352346684,-0.10489882756592442,-2.090254640812265e-26,-0.14932961462682606,0.45462053127025476,7.225744842111917e-25
2.9496461364537407,0.8236451897705799,-0.1021523756898996,-1.6551631473828298e-26,-0.14554076442918487,0.4578426508074288,7.229489250684391e-25
2.955658092624893,0.8227816628328908,-0.09939034429619413,-1.220438183089697e-26,-0.141723589005213,0.46099193284967444,7.232382369579091e-25
2.9616616662660413,0.8219423395812421,-0.0966134798695088,-7.861714865385234e-27,-0.13787883612770435,0.4640667612415369,7.23441355057834e-25
2.9676562236578694,0.8211274047569382,-0.09382258088173975,-3.5246129851667275e-27,-0.13400735154230228,0.467065507597332,7.2355727693280365e-25
2.9736410574321526,0.8203370394138799,-0.09101849379294996,8.058843687676462e-28,-0.13011007565131782,0.4699865451636364,7.235850732515888e-25
2.9796153898455744,0.8195714187132478,-0.08820211196319198,5.1286839325677595e-27,-0.12618804411765808,0.4728282591667706,7.235238979593261e-25
2.9855783691555677,0.8188307106163135,-0.08537437766803756,9.442636966179219e-27,-0.12224239268282704,0.47558905413141467,7.233729985385587e-25
2.991529104992926,0.8181150698616833,-0.08253626539906815,1.3746565930141037e-26,-0.11827433569491057,0.47826737911117495,7.231317248189295e-25
2.997466647231749,0.8174246392333596,-0.07968879165357827,1.803925038134205e-26,-0.11428518134212137,0.4808617261033682,7.227995381454523e-25
3.0033900291428908,0.8167595432343281,-0.0768329938819186,2.231945943918466e-26,-0.11027630352408094,0.48337065711650445,7.223760173288349e-25
3.0092982571392546,0.8161198884784874,-0.07396993463722738,2.6585945671489236e-26,-0.10624914863999763,0.4857928063408756,7.218608654802443e-25
3.015190346547827,0.8155057591469819,-0.07110068334209517,3.08374722586227e-26,-0.1022052106370855,0.4881269010821988,7.212539124555769e-25
3.021065333504223,0.814917215677677,-0.0682263092101636,3.507282285669676e-26,-0.09814602127495865,0.49037177069257204,7.205551166056176e-25
3.0269222939082767,0.8143542931108138,-0.06534787051403507,3.929081648707507e-26,-0.0940731348450065,0.4925263568583099,7.197645639691959e-25
3.0327603680262643,0.8138169994250591,-0.06246640082303777,4.349032636425383e-26,-0.08998810816088239,0.494589723952857,7.188824642797766e-25
3.0385787718424595,0.8133053156543929,-0.05958290155701894,4.767028901609695e-26,-0.0858924890619645,0.49656106250533594,7.179091464060497e-25
3.044376821499645,0.8128191952554921,-0.05669832795400634,5.18297226252608e-26,-0.08178779519071129,0.49843969538961763,7.168450496479065e-25
3.0501539537941653,0.8123585644257877,-0.05381357683628246,5.596774226944947e-26,-0.07767549491340206,0.500225080167139,7.156907129326616e-25
3.055909724265524,0.8119233246170926,-0.05092948553980783,6.008355885716301e-26,-0.07355700383848518,0.5019168026341212,7.144467665080942e-25
3.0616438324936377,0.8115133531515785,-0.04804681732171996,6.417649730766445e-26,-0.06943366182110794,0.5035145773686011,7.131139167864461e-25
3.067356120009709,0.8111285062864706,-0.04516626053087283,6.824599485329643e-26,-0.06530672938989164,0.505018238406641,7.1169293530744215e-25
3.073046587334709,0.8107686210867667,-0.04228841830904254,7.229161274056697e-26,-0.061177370499708755,0.5064277341540985,7.101846423000767e-25
3.078715388001981,0.8104335190574445,-0.0394138100432004,7.631303125946316e-26,-0.057046652021450685,0.507743115024482,7.085898949328333e-25
3.084362818070023,0.8101230098850809,-0.03654287538206346,8.031004142550226e-26,-0.052915546952261215,0.5089645202093271,7.069095772932137e-25
3.089989330821841,0.8098368937041748,-0.033675965693656836,8.428255432458678e-26,-0.04878491960127262,0.5100921698583479,7.051445831209095e-25
3.095595516897419,0.8095749652797911,-0.030813353302605408,8.82305857926034e-26,-0.04465553641037837,0.5111263493731817,7.032958087091844e-25
3.1011820988521697,0.8093370171173286,-0.027955233675469798,9.215425123729434e-26,-0.04052806677038825,0.5120673975837199,7.013641426019232e-25
3.106749932261509,0.8091228421996957,-0.025101724470272212,9.605376492706596e-26,-0.03640307942478347,0.5129156961211095,6.993504534306921e-25
3.1122999769480892,0.8089322377136657,-0.022252880113334515,9.992941826768348e-26,-0.032281061462415266,0.5136716546327185,6.972555892573044e-25
3.1178333082080534,0.8087650069333805,-0.01940868610292638,1.0378158609361106e-25,-0.028162408178242733,0.5143357030937907,6.950803637339841e-25
3.123351088307494,0.8086209623304281,-0.016569073875339686,1.0761070515657704e-25,-0.02404744283082548,0.5149082791059092,6.9282555792360335e-25
3.1288545638178284,0.808499927457539,-0.013733922593830071,1.114172707195574e-25,-0.01993641765192313,0.5153898199428466,6.9049191381378675e-25
3.134345054907996,0.8084017388862675,-0.010903065209528407,1.1520182755637167e-25,-0.015829521185145613,0.5157807543083583,6.880801318752224e-25
3.1398239455663877,0.8083262478619252,-0.00807629417423335,1.1896496165548696e-25,-0.011726885263810355,0.5160814951732356,6.855908693886396e-25
3.1452926708195657,0.8082733217328975,-0.005253368812953795,1.2270728994445228e-25,-0.00762859452828505,0.516292433493763,6.830247413096559e-25
3.150752708723499,0.8082428450414137,-0.0024340203240487434,1.2642945339835394e-25,-0.00353469261505218,0.5164139332865977,6.803823201462272e-25
3.155465819300765,0.8082345151989818,2.3241547575381105e-12,1.2963066792653441e-25,3.320154481206705e-12,0.516447145779364,6.780375016100068e-25